100
39528.13
5400.44
58762.92
79309.10
96192.31
18750.15
95666.28
46525.79
4939.73
62931.66
66599.25
96104.34
32503.76
53425.14
57817.27
70845.99
11342.07
60667.45
23080.92
76643.61
21905.33
80117.90
8075.32
68776.87
21442.83
73894.79
65176.50
34037.59
70264.98
75701.07
70194.91
484.87
19766.66
60112.09
41459.18
10002.05
40110.81
58406.46
12036.08
59481.39
54157.86
1819.74
71504.79
72216.78
81396.04
86718.57
16389.12
56161.87
44598.03
93421.63
69923.14
74945.71
67355.28
19579.18
68719.10
63459.99
22173.28
67980.91
63816.56
52605.46
39838.20
16319.67
45877.66
53568.35
26690.21
23871.91
41098.70
73892.26
51322.68
66255.01
85465.54
40499.69
56820.86
19887.71
23805.71
20824.83
95122.97
58923.97
89811.50
57549.66
34044.55
43512.97
46579.79
66465.51
36454.95
33897.67
23746.78
61901.99
45465.95
1151.99
25893.80
61512.22
51877.82
76876.39
20077.93
42237.32
82112.38
29113.86
89701.67
46766.73
14719.75
48666.98
34061.74
18159.82
35493.12
17606.32
24053.73
56145.77
90609.18
31434.86
52172.66
10898.54
19416.35
214.19
17833.90
80383.92
11078.79
33278.02
96074.96
99460.40
2575.75
66.99
37577.60
33783.43
90668.32
840.20
6530.63
18241.02
23957.53
8337.85
61055.63
37403.04
78007.00
55968.64
45712.33
55102.87
54031.36
86860.15
68523.57
39159.11
80224.08
56790.59
13415.33
61934.96
18671.25
32566.13
5823.67
67495.85
20549.84
19022.47
77621.64
64696.70
23156.03
34554.46
22594.79
36005.37
70645.58
34603.52
67864.56
90764.49
86625.95
38932.99
34240.25
86851.47
45111.10
27556.46
19509.80
53475.69
85054.78
64774.95
83254.49
90026.08
55851.06
35949.96
93732.75
51023.11
93278.81
13954.23
56774.63
1754.65
91461.54
78512.30
16419.74
59645.79
225.42
44209.65
36788.34
14352.37
73133.26
61896.72
70211.79
83556.71
18609.97
66939.86
24081.57
61369.56
16696.70
68356.83
92127.57
98335.72
86716.42
15351.49
49704.86
89771.20
52098.37
31577.85
41687.63
36174.93
69736.92
78298.67
8626.54
33274.37
11251.87
54463.07
96354.72
64986.45
73486.75
92592.29
84545.70
13917.61
51852.41
2490.69
82240.61
75552.58
49016.95
4637.13
12560.19
82889.18
75784.63
35804.71
31626.69
42331.53
26853.99
43283.55
21626.06
57744.56
65358.25
11310.66
40169.04
55723.75
30181.67
29086.72
64708.35
40816.21
16121.30
10339.30
33822.43
43423.48
75329.49
54274.07
36365.75
85293.88
19273.46
57478.22
98035.77
7339.15
99536.23
40924.97
14350.97
39782.34
27790.73
54072.51
64940.96
58716.99
17768.77
79872.55
36528.61
25411.66
49308.01
89968.38
9021.28
49281.59
96573.92
85777.79
91337.32
90453.33
5726.12
67669.59
59071.67
20667.40
27062.63
45357.99
83581.99
14885.85
84741.58
80828.92
59253.45
24415.15
21772.00
34974.35
1815.37
79711.19
42404.37
45886.79
99610.71
91032.77
26817.32
35497.92
4425.84
27957.97
90592.24
59012.96
1000.41
95848.75
38522.67
56160.55
9277.20
10288.49
78330.53
4177.20
40570.80
60549.96
59064.49
31598.82
2075.81
64154.24
57277.89
2146.02
19087.96
62886.47
4316.88
71578.78
70394.04
70826.85
23439.74
2495.43
59043.08
55730.55
59155.51
22157.90
54559.23
24912.94
92035.14
7586.48
40552.56
39768.26
80345.21
1787.19
3427.15
59283.15
86195.85
22562.00
47614.08
45452.48
82128.82
64240.58
28716.28
1982.81
83988.31
74070.18
40574.46
56344.67
859.85
94107.79
75062.25
7405.47
65404.00
79410.63
37681.73
7904.12
47555.42
66457.92
21157.17
86652.28
41142.55
27613.20
87379.82
64215.54
73951.61
52626.86
93941.58
30197.97
43798.59
65756.37
77698.06
10490.33
32253.44
70372.41
87391.27
22503.01
47891.53
44486.77
3895.88
79085.57
85136.56
74164.47
66191.71
55791.39
91321.60
51052.32
36017.30
95718.35
60973.67
9075.10
47569.03
62065.17
75980.97
36460.25
91973.68
53744.32
24835.01
13354.34
99027.51
64534.04
63961.01
32312.60
1258.85
69908.68
6779.49
8662.88
52310.34
82716.17
93398.79
74434.05
32427.11
12944.97
12540.78
29684.55
14003.79
54182.88
38016.67
72524.61
13749.22
34940.21
9124.40
7361.08
2184.29
82755.09
96714.16
64337.68
69322.72
51013.23
76813.24
90917.07
41083.70
47116.42
36585.72
37678.73
92524.84
40465.46
839.63
37795.50
93167.25
21212.61
91518.20
20434.40
95454.93
1018.27
36734.85
96881.21
47650.02
32939.72
8021.02
5816.88
88952.39
29840.87
5202.89
88836.94
1633.51
1532.85
7360.77
35650.91
25895.76
95927.70
82160.33
97341.86
41572.59
52228.87
93794.53
1846.29
38029.96
70297.47
27883.19
51882.81
33757.21
35413.57
71318.90
48190.57
49856.28
79845.24
81747.27
59848.35
44264.39
76491.59
1001.51
72441.94
27504.54
69855.77
6676.88
24804.27
1546.31
29508.76
72270.98
47841.50
19764.58
1984.04
92557.65
94238.92
48060.74
34467.03
23214.24
68945.59
77666.94
46793.85
9076.30
67626.93
56096.33
72217.07
97981.71
26239.73
62450.72
50250.94
45372.96
72747.47
29138.40
19650.20
95108.92
33332.97
46825.47
85078.63
18648.27
45824.33
10947.26
42556.03
86466.01
36735.81
61118.15
51030.51
77347.54
81225.25
65703.61
57423.27
1204.26
54636.47
15135.01
58521.89
2611.73
46065.14
11886.13
36271.83
24847.27
48226.41
54201.27
87872.33
58169.98
48821.24
82670.67
95058.22
12935.86
32649.87
29057.82
97437.04
10909.90
80201.94
99091.25
19095.12
75373.37
68723.47
5566.32
96575.05
48706.99
60129.38
32401.03
55780.30
19507.49
54922.87
79196.23
16363.65
92863.88
19451.82
73946.48
96790.99
90632.97
7918.52
59619.25
74394.10
80374.19
22910.49
90753.93
19150.81
37331.08
43226.52
2760.03
73127.07
54516.12
82268.53
49116.19
86110.34
76724.21
60996.13
74174.25
15882.05
97710.77
11300.18
76619.69
54943.38
21884.91
90111.68
46493.68
32015.12
69871.15
23480.99
88840.28
98140.91
24344.70
21910.62
95155.25
36462.23
18891.61
90173.41
90828.91
63971.51
61820.52
15666.39
29950.09
46500.47
48740.97
38708.58
30146.24
39209.45
83844.77
9551.51
64480.77
14800.50
50716.03
46510.73
82198.10
71019.72
54668.89
62536.07
12761.26
87717.92
69041.51
79810.58
35093.74
9537.96
92790.53
62598.58
23039.56
80077.01
68331.69
60628.65
17877.39
47071.37
48618.20
45693.88
79785.32
5417.70
65481.80
16753.23
17883.21
55595.94
4829.51
68722.58
61191.40
36173.39
2584.05
27489.77
28595.88
17130.79
2611.64
1655.77
38794.24
36719.01
79209.07
33117.19
35052.80
83474.19
72956.29
49833.26
16986.15
35448.04
33568.63
16884.31
84095.15
73110.25
20842.13
8663.13
10561.77
35179.27
46051.59
8175.56
36033.37
95861.01
52159.59
30451.05
61331.25
26494.29
1134.83
10819.00
23741.58
20045.60
1089.47
29823.25
76522.79
71601.03
16090.25
68798.86
22930.07
90448.44
44059.95
98354.15
82934.23
49692.11
43967.31
77755.70
11944.31
12939.62
41986.55
86243.52
66410.36
63537.10
8311.10
25182.29
57637.14
94394.44
47886.68
52616.15
78419.94
10489.97
7576.79
45751.18
566.71
14091.08
98526.21
14076.01
26505.46
64839.69
71215.66
29075.84
96376.03
14484.72
83818.12
25179.05
63533.19
20007.36
4343.96
40023.65
73609.25
82104.48
11355.50
62925.80
26325.87
68502.62
17032.28
7738.45
94859.80
60027.86
82983.37
80275.39
57605.63
25250.64
45537.58
42975.63
53562.00
43011.09
3983.53
9485.94
77835.79
2786.33
91958.56
24840.61
49231.86
49996.63
93736.07
75101.07
25557.27
32877.94
21677.30
86473.70
83111.38
39270.79
36884.45
20151.10
61256.92
45051.15
80046.15
72140.53
93322.38
47456.31
84001.95
79858.56
3684.39
13422.61
99468.18
91425.75
68638.28
52390.24
20637.23
75575.65
55478.55
98730.74
23955.97
80022.26
56469.59
4874.08
77034.34
43975.77
18140.58
48873.32
5206.63
90096.47
98176.93
42191.22
69059.67
24639.44
35886.46
19240.97
2160.02
32881.20
54906.53
63274.42
47647.52
50073.96
57434.09
53963.11
24081.16
77857.31
58839.98
31037.94
21960.08
20189.48
77563.45
16851.08
90139.19
93167.79
44444.83
37389.77
80054.50
13937.60
79995.22
91513.53
63533.87
39369.73
35684.60
41886.15
63753.13
69456.81
70401.99
33704.49
85888.61
17461.07
79718.84
13076.18
64531.81
87926.17
16871.41
69317.85
40117.82
73950.93
49075.89
42920.83
60709.94
97331.30
80639.07
82928.95
82770.28
25193.61
68678.64
78357.06
71858.28
29841.61
21113.09
32499.22
60520.13
41083.20
78600.96
43134.05
5768.53
64633.71
28867.21
94939.45
67415.78
5620.67
34729.26
53045.96
97455.51
62565.97
87315.98
57723.51
97306.89
37354.34
36762.82
55711.06
66573.19
96319.73
22835.65
72181.84
89214.12
59145.87
80709.06
14600.24
31321.09
48614.98
28824.80
14075.30
67083.88
91873.52
6977.51
41159.05
98709.30
69206.54
63333.71
66043.47
95492.21
40538.66
18330.53
40799.78
34901.69
78284.49
19664.41
60265.87
24342.78
1488.97
51650.30
59472.39
65725.15
69614.83
39728.85
97505.64
35427.70
57195.69
40079.80
38002.85
5386.61
3115.66
29132.18
97999.10
17177.11
85102.93
47783.69
38048.25
62282.19
36114.02
59109.34
29480.14
40499.92
73508.90
24801.27
57710.31
32524.59
34076.26
62150.37
34923.05
74263.67
49361.56
75004.47
96177.19
97463.27
55259.70
10597.18
42334.76
5828.32
18641.17
58910.43
95040.28
70586.79
46198.81
91702.18
4931.87
70129.42
67333.91
85472.16
58004.24
48426.66
52459.79
58246.33
73285.23
59019.22
93587.66
48440.34
20616.12
95508.90
20928.30
27350.64
60332.78
37365.67
21037.12
64702.77
43348.54
81604.99
92989.45
964.44
19413.92
23362.18
63731.04
26068.45
86634.34
36155.24
89712.73
62796.21
77929.52
88981.49
19591.09
26154.62
76537.85
453.63
95932.95
5229.39
49930.45
7900.07
73437.92
81654.41
93145.45
14609.03
73549.61
51889.96
89746.33
34842.80
97271.42
46327.05
20349.56
85593.98
3673.70
41481.43
5479.32
91668.38
92564.67
84479.46
16943.59
27704.96
4921.78
19776.01
71508.68
18290.15
18472.73
71445.06
33152.87
38991.25
68397.15
74014.96
57354.71
45473.21
62540.86
78190.26
28497.83
13891.77
7968.62
52200.02
34451.94
82767.22
54590.67
5432.85
55954.52
46177.06
6904.86
99160.92
90816.97
28890.12
32994.78
32172.57
38598.63
99529.54
81793.53
92761.78
43316.89
67357.90
87393.38
31414.86
48827.52
74128.50
39002.95
68716.29
16911.20
19455.11
3876.91
34548.90
76328.91
97945.97
34087.41
35979.24
81995.47
15822.00
75742.60
27237.50
47834.34
47603.86
71667.83
65613.48
68271.00
11206.37
28655.85
9198.42
46120.06
37653.20
22936.72
52932.78
59801.36
83558.48
19940.57
12933.76
88861.79
66949.62
22912.08
80048.02
15075.76
72498.33
4298.80
46705.59
47188.66
68235.68
42268.13
88233.81
74485.07
85093.25
82080.76
70900.57
10655.23
77255.86
40236.60
67793.35
29216.93
14313.23
35630.36
48687.95
60530.17
22025.07
35029.16
45910.56
9763.31
61229.13
84716.84
96845.78
23608.47
55879.33
5735.17
35873.50
35766.85
40228.92
19283.47
79922.34
41866.92
25386.92
74807.28
50102.92
43924.74
9907.46
13196.15
52581.76
90216.92
44152.43
72272.03
35226.44
39558.92
27378.31
77105.24
10924.71
49926.26
15132.06
98655.85
30639.43
85377.30
82585.07
86289.97
24782.11
51611.28
55603.35
75287.91
54466.32
17578.65
71187.18
36328.80
49913.09
48869.88
25328.55
36248.17
34589.15
19693.34
65525.76
45736.67
24325.83
89156.10
13014.94
46162.88
26367.91
24038.70
34584.01
819.92
82877.54
54635.06
49041.00
39704.77
48204.03
72073.21
85754.88
7142.70
3694.12
7249.25
51186.04
22003.43
70794.29
9948.42
98412.01
66455.86
1980.26
99383.08
97621.49
59158.26
76269.91
2887.88
